439434
339
6021
9378
1045
8998
3893
11005
985
753
5779
5282745
1135
1103
1174
1102
311
979
892
936
6029
64960
6106
6991994
150914
68841
12594
849
1188
11266
169947
6426853
1176
6802
27476
8761
965
11756
5281
84265
1123
5960
439174
3931
60961
12284
1175
5951
107737
5780
1088
289
17530
145742
5997
65127
6305
2519
439162
439604
6759
439998
3973230
3845
444899
439201
69507
846
1018
1079
5514
1826
149
10465
723
5819
1182
439285
764
6140
464
6613
1066
64959
5280353
500
439258
6262
239
5961
439194
6267
124886
